Channel number	Impulses
Channel/#	Impulses/#

0	0
1	0
2	0
3	1
4	0
5	0
6	0
7	0
8	0
9	0
10	0
11	1
12	0
13	0
14	0
15	0
16	0
17	0
18	1
19	0
20	0
21	0
22	1
23	0
24	0
25	0
26	0
27	0
28	0
29	0
30	0
31	0
32	0
33	0
34	0
35	2
36	0
37	1
38	0
39	1
40	0
41	0
42	0
43	4
44	2
45	5
46	7
47	7
48	15
49	317
50	603
51	845
52	771
53	807
54	942
55	964
56	630
57	1001
58	806
59	887
60	849
61	925
62	936
63	1288
64	532
65	1069
66	970
67	1075
68	974
69	867
70	932
71	883
72	713
73	848
74	656
75	781
76	736
77	756
78	745
79	817
80	580
81	762
82	722
83	803
84	695
85	690
86	790
87	675
88	641
89	792
90	659
91	838
92	680
93	770
94	719
95	907
96	519
97	618
98	561
99	512
100	472
101	342
102	384
103	307
104	193
105	201
106	128
107	91
108	91
109	73
110	56
111	58
112	26
113	39
114	36
115	26
116	28
117	43
118	34
119	41
120	20
121	36
122	33
123	44
124	35
125	44
126	47
127	70
128	33
129	63
130	60
131	58
132	70
133	55
134	77
135	86
136	67
137	99
138	71
139	96
140	108
141	112
142	100
143	134
144	123
145	117
146	127
147	162
148	167
149	171
150	199
151	183
152	190
153	237
154	212
155	279
156	257
157	319
158	362
159	535
160	304
161	475
162	518
163	606
164	756
165	704
166	970
167	1110
168	960
169	1544
170	1464
171	1816
172	2127
173	2353
174	2690
175	2861
176	2731
177	3443
178	3642
179	4473
180	4161
181	4137
182	5196
183	5121
184	3967
185	5284
186	4450
187	5100
188	4379
189	4463
190	4111
191	4578
192	2390
193	3315
194	2933
195	2611
196	2397
197	1740
198	1860
199	1348
200	1096
201	1153
202	724
203	657
204	514
205	365
206	275
207	281
208	156
209	154
210	111
211	89
212	84
213	48
214	44
215	34
216	31
217	41
218	26
219	38
220	30
221	26
222	24
223	47
224	21
225	22
226	38
227	22
228	30
229	28
230	29
231	34
232	28
233	37
234	23
235	34
236	38
237	36
238	26
239	34
240	29
241	35
242	26
243	34
244	30
245	23
246	30
247	37
248	29
249	34
250	29
251	38
252	29
253	28
254	32
255	55
256	11
257	31
258	32
259	29
260	39
261	23
262	29
263	30
264	19
265	35
266	25
267	20
268	25
269	29
270	46
271	26
272	23
273	34
274	28
275	31
276	26
277	30
278	28
279	28
280	26
281	29
282	23
283	30
284	20
285	34
286	27
287	27
288	20
289	31
290	24
291	22
292	25
293	27
294	44
295	36
296	23
297	26
298	25
299	34
300	40
301	28
302	33
303	31
304	22
305	31
306	27
307	35
308	29
309	26
310	40
311	36
312	18
313	21
314	13
315	33
316	17
317	37
318	22
319	46
320	17
321	30
322	38
323	34
324	33
325	26
326	27
327	20
328	22
329	25
330	22
331	24
332	30
333	29
334	23
335	27
336	17
337	17
338	23
339	29
340	18
341	22
342	31
343	19
344	32
345	21
346	23
347	29
348	20
349	20
350	21
351	28
352	10
353	32
354	20
355	26
356	26
357	21
358	27
359	23
360	22
361	30
362	14
363	22
364	24
365	26
366	17
367	24
368	25
369	15
370	31
371	25
372	23
373	24
374	29
375	19
376	19
377	17
378	19
379	25
380	19
381	28
382	21
383	31
384	14
385	27
386	20
387	21
388	24
389	10
390	21
391	18
392	15
393	21
394	17
395	8
396	11
397	16
398	24
399	18
400	21
401	17
402	18
403	12
404	20
405	18
406	19
407	13
408	19
409	18
410	11
411	17
412	17
413	22
414	13
415	19
416	8
417	17
418	19
419	20
420	25
421	20
422	12
423	14
424	17
425	13
426	7
427	11
428	29
429	15
430	19
431	14
432	11
433	16
434	24
435	18
436	13
437	16
438	26
439	14
440	12
441	21
442	19
443	12
444	7
445	9
446	16
447	17
448	8
449	17
450	13
451	19
452	12
453	11
454	19
455	11
456	14
457	15
458	14
459	20
460	14
461	14
462	15
463	15
464	11
465	15
466	25
467	14
468	23
469	11
470	17
471	10
472	14
473	7
474	15
475	16
476	19
477	9
478	13
479	12
480	10
481	15
482	10
483	9
484	11
485	2
486	18
487	8
488	10
489	10
490	15
491	17
492	14
493	11
494	10
495	9
496	7
497	7
498	16
499	12
500	12
501	7
502	13
503	5
504	12
505	17
506	12
507	15
508	11
509	13
510	16
511	19
512	3
513	14
514	15
515	16
516	8
517	11
518	13
519	9
520	11
521	21
522	14
523	14
524	13
525	18
526	12
527	12
528	13
529	12
530	8
531	23
532	18
533	9
534	22
535	11
536	11
537	13
538	13
539	15
540	19
541	12
542	12
543	11
544	7
545	9
546	13
547	8
548	12
549	7
550	19
551	11
552	3
553	15
554	10
555	11
556	12
557	6
558	5
559	14
560	7
561	14
562	16
563	13
564	21
565	7
566	8
567	16
568	11
569	5
570	10
571	5
572	14
573	2
574	11
575	8
576	9
577	16
578	14
579	11
580	10
581	16
582	8
583	17
584	10
585	10
586	10
587	12
588	10
589	8
590	4
591	5
592	3
593	6
594	11
595	13
596	10
597	5
598	6
599	12
600	6
601	12
602	10
603	12
604	8
605	8
606	7
607	14
608	5
609	11
610	16
611	8
612	16
613	3
614	9
615	13
616	9
617	8
618	9
619	5
620	11
621	10
622	11
623	9
624	5
625	8
626	14
627	8
628	7
629	6
630	12
631	4
632	7
633	9
634	6
635	7
636	7
637	9
638	6
639	10
640	8
641	11
642	8
643	9
644	15
645	12
646	11
647	5
648	6
649	10
650	6
651	10
652	2
653	3
654	10
655	10
656	5
657	7
658	7
659	8
660	12
661	4
662	7
663	5
664	9
665	7
666	8
667	10
668	4
669	10
670	14
671	11
672	7
673	7
674	7
675	4
676	7
677	14
678	7
679	11
680	6
681	14
682	4
683	5
684	9
685	7
686	7
687	7
688	5
689	8
690	7
691	4
692	10
693	4
694	10
695	6
696	9
697	11
698	7
699	14
700	11
701	5
702	9
703	3
704	5
705	7
706	12
707	5
708	5
709	5
710	9
711	3
712	6
713	4
714	5
715	3
716	5
717	7
718	7
719	3
720	4
721	3
722	8
723	7
724	10
725	5
726	8
727	4
728	3
729	10
730	2
731	6
732	7
733	10
734	5
735	6
736	6
737	6
738	8
739	10
740	11
741	7
742	12
743	7
744	0
745	6
746	3
747	5
748	7
749	9
750	5
751	3
752	5
753	7
754	7
755	7
756	4
757	5
758	6
759	0
760	7
761	3
762	6
763	5
764	4
765	6
766	4
767	12
768	4
769	10
770	7
771	7
772	5
773	0
774	11
775	5
776	7
777	5
778	4
779	5
780	5
781	6
782	6
783	4
784	2
785	10
786	4
787	6
788	7
789	3
790	3
791	4
792	4
793	5
794	2
795	5
796	3
797	7
798	7
799	6
800	2
801	3
802	4
803	4
804	1
805	4
806	5
807	5
808	3
809	6
810	6
811	3
812	4
813	3
814	6
815	5
816	3
817	4
818	9
819	4
820	1
821	8
822	3
823	4
824	3
825	3
826	5
827	4
828	5
829	3
830	6
831	4
832	1
833	5
834	4
835	3
836	7
837	5
838	6
839	3
840	4
841	0
842	2
843	8
844	2
845	5
846	3
847	6
848	5
849	3
850	1
851	2
852	6
853	2
854	5
855	1
856	3
857	5
858	3
859	4
860	4
861	5
862	3
863	6
864	2
865	4
866	1
867	3
868	4
869	2
870	1
871	0
872	6
873	5
874	2
875	6
876	7
877	5
878	2
879	5
880	4
881	2
882	1
883	1
884	2
885	3
886	6
887	8
888	6
889	4
890	3
891	5
892	7
893	2
894	2
895	2
896	1
897	4
898	3
899	1
900	3
901	3
902	5
903	6
904	1
905	6
906	2
907	4
908	3
909	3
910	6
911	4
912	2
913	7
914	5
915	3
916	2
917	5
918	3
919	4
920	2
921	2
922	3
923	2
924	5
925	3
926	5
927	4
928	2
929	2
930	3
931	6
932	2
933	6
934	5
935	1
936	1
937	1
938	0
939	4
940	0
941	5
942	1
943	5
944	4
945	3
946	0
947	5
948	3
949	3
950	4
951	1
952	2
953	1
954	1
955	6
956	7
957	4
958	7
959	5
960	5
961	2
962	5
963	1
964	4
965	6
966	2
967	1
968	1
969	3
970	1
971	0
972	2
973	5
974	3
975	6
976	3
977	3
978	0
979	2
980	3
981	3
982	4
983	5
984	0
985	3
986	3
987	1
988	4
989	1
990	2
991	7
992	1
993	3
994	2
995	3
996	6
997	3
998	3
999	4
1000	3
1001	5
1002	2
1003	5
1004	5
1005	3
1006	0
1007	0
1008	0
1009	4
1010	2
1011	3
1012	1
1013	0
1014	3
1015	1
1016	3
1017	3
1018	2
1019	3
1020	7
1021	4
1022	2
1023	1
1024	0
1025	1
1026	1
1027	4
1028	6
1029	2
1030	4
1031	2
1032	3
1033	2
1034	2
1035	4
1036	4
1037	3
1038	1
1039	1
1040	2
1041	5
1042	2
1043	3
1044	3
1045	3
1046	5
1047	3
1048	0
1049	2
1050	2
1051	3
1052	4
1053	2
1054	4
1055	3
1056	1
1057	2
1058	1
1059	3
1060	3
1061	2
1062	3
1063	2
1064	2
1065	0
1066	1
1067	1
1068	1
1069	4
1070	0
1071	0
1072	1
1073	3
1074	1
1075	2
1076	2
1077	2
1078	2
1079	3
1080	0
1081	4
1082	3
1083	1
1084	4
1085	2
1086	4
1087	8
1088	0
1089	1
1090	0
1091	0
1092	0
1093	3
1094	2
1095	3
1096	2
1097	1
1098	1
1099	6
1100	4
1101	5
1102	2
1103	2
1104	1
1105	2
1106	2
1107	2
1108	1
1109	1
1110	5
1111	1
1112	5
1113	2
1114	3
1115	1
1116	1
1117	1
1118	2
1119	2
1120	2
1121	1
1122	1
1123	1
1124	1
1125	2
1126	3
1127	1
1128	3
1129	5
1130	2
1131	3
1132	2
1133	5
1134	2
1135	1
1136	3
1137	3
1138	1
1139	3
1140	1
1141	1
1142	1
1143	0
1144	2
1145	2
1146	1
1147	3
1148	2
1149	1
1150	1
1151	3
1152	0
1153	1
1154	1
1155	1
1156	3
1157	2
1158	5
1159	1
1160	1
1161	2
1162	1
1163	3
1164	1
1165	3
1166	1
1167	1
1168	3
1169	6
1170	2
1171	1
1172	3
1173	1
1174	0
1175	1
1176	1
1177	3
1178	3
1179	1
1180	5
1181	0
1182	2
1183	3
1184	0
1185	1
1186	3
1187	1
1188	3
1189	3
1190	2
1191	1
1192	1
1193	2
1194	1
1195	3
1196	4
1197	3
1198	1
1199	1
1200	0
1201	4
1202	2
1203	1
1204	0
1205	3
1206	2
1207	1
1208	1
1209	1
1210	1
1211	1
1212	2
1213	0
1214	2
1215	3
1216	2
1217	0
1218	1
1219	3
1220	1
1221	3
1222	0
1223	2
1224	0
1225	1
1226	1
1227	3
1228	0
1229	1
1230	0
1231	2
1232	0
1233	5
1234	0
1235	1
1236	2
1237	4
1238	0
1239	1
1240	3
1241	1
1242	1
1243	1
1244	2
1245	2
1246	4
1247	1
1248	1
1249	1
1250	0
1251	1
1252	4
1253	1
1254	2
1255	1
1256	0
1257	3
1258	2
1259	3
1260	0
1261	0
1262	2
1263	2
1264	3
1265	3
1266	0
1267	1
1268	0
1269	2
1270	0
1271	1
1272	1
1273	1
1274	2
1275	2
1276	0
1277	1
1278	1
1279	2
1280	0
1281	1
1282	3
1283	3
1284	1
1285	3
1286	0
1287	3
1288	1
1289	5
1290	2
1291	0
1292	3
1293	2
1294	3
1295	1
1296	1
1297	1
1298	0
1299	2
1300	2
1301	0
1302	2
1303	2
1304	3
1305	3
1306	3
1307	0
1308	0
1309	1
1310	1
1311	2
1312	1
1313	1
1314	1
1315	0
1316	0
1317	1
1318	4
1319	1
1320	1
1321	0
1322	0
1323	0
1324	1
1325	2
1326	1
1327	1
1328	0
1329	1
1330	1
1331	1
1332	4
1333	0
1334	0
1335	1
1336	1
1337	2
1338	1
1339	2
1340	5
1341	2
1342	3
1343	0
1344	1
1345	0
1346	0
1347	2
1348	0
1349	1
1350	2
1351	2
1352	0
1353	1
1354	0
1355	6
1356	2
1357	1
1358	0
1359	2
1360	1
1361	1
1362	1
1363	2
1364	1
1365	0
1366	1
1367	1
1368	2
1369	2
1370	0
1371	1
1372	2
1373	2
1374	0
1375	1
1376	1
1377	1
1378	3
1379	3
1380	3
1381	1
1382	1
1383	2
1384	2
1385	0
1386	2
1387	1
1388	1
1389	2
1390	2
1391	0
1392	2
1393	1
1394	4
1395	4
1396	2
1397	1
1398	2
1399	2
1400	1
1401	2
1402	2
1403	0
1404	0
1405	1
1406	0
1407	3
1408	0
1409	3
1410	3
1411	1
1412	2
1413	0
1414	1
1415	0
1416	2
1417	2
1418	1
1419	3
1420	1
1421	0
1422	1
1423	1
1424	0
1425	1
1426	1
1427	1
1428	2
1429	0
1430	2
1431	1
1432	1
1433	2
1434	0
1435	4
1436	1
1437	2
1438	1
1439	2
1440	4
1441	0
1442	1
1443	2
1444	0
1445	1
1446	2
1447	1
1448	0
1449	0
1450	1
1451	1
1452	0
1453	3
1454	4
1455	0
1456	1
1457	3
1458	1
1459	2
1460	0
1461	0
1462	1
1463	1
1464	1
1465	1
1466	0
1467	0
1468	1
1469	3
1470	1
1471	1
1472	1
1473	2
1474	2
1475	2
1476	2
1477	1
1478	2
1479	2
1480	2
1481	1
1482	1
1483	0
1484	1
1485	0
1486	0
1487	3
1488	2
1489	0
1490	0
1491	3
1492	3
1493	3
1494	1
1495	0
1496	1
1497	1
1498	1
1499	5
1500	3
1501	0
1502	0
1503	1
1504	0
1505	0
1506	1
1507	2
1508	2
1509	1
1510	2
1511	1
1512	1
1513	1
1514	1
1515	0
1516	4
1517	1
1518	2
1519	0
1520	0
1521	3
1522	3
1523	1
1524	1
1525	0
1526	2
1527	0
1528	2
1529	2
1530	0
1531	2
1532	1
1533	0
1534	1
1535	0
1536	2
1537	1
1538	1
1539	1
1540	4
1541	1
1542	3
1543	0
1544	2
1545	2
1546	0
1547	1
1548	1
1549	2
1550	0
1551	1
1552	1
1553	2
1554	1
1555	0
1556	2
1557	0
1558	0
1559	0
1560	1
1561	1
1562	2
1563	1
1564	0
1565	0
1566	0
1567	1
1568	0
1569	2
1570	1
1571	1
1572	0
1573	0
1574	0
1575	0
1576	2
1577	2
1578	0
1579	0
1580	2
1581	0
1582	1
1583	2
1584	1
1585	1
1586	2
1587	2
1588	1
1589	1
1590	0
1591	0
1592	1
1593	0
1594	2
1595	3
1596	2
1597	1
1598	1
1599	1
1600	1
1601	0
1602	1
1603	1
1604	0
1605	1
1606	0
1607	0
1608	0
1609	0
1610	0
1611	1
1612	2
1613	0
1614	0
1615	1
1616	2
1617	1
1618	1
1619	1
1620	0
1621	2
1622	1
1623	2
1624	0
1625	0
1626	1
1627	0
1628	0
1629	1
1630	1
1631	2
1632	2
1633	3
1634	3
1635	0
1636	0
1637	2
1638	1
1639	1
1640	4
1641	1
1642	0
1643	1
1644	2
1645	2
1646	3
1647	1
1648	1
1649	2
1650	0
1651	0
1652	2
1653	1
1654	3
1655	0
1656	0
1657	0
1658	3
1659	2
1660	0
1661	1
1662	0
1663	1
1664	1
1665	0
1666	2
1667	1
1668	1
1669	1
1670	2
1671	1
1672	3
1673	1
1674	3
1675	0
1676	0
1677	0
1678	2
1679	0
1680	2
1681	0
1682	1
1683	0
1684	0
1685	2
1686	1
1687	1
1688	4
1689	0
1690	3
1691	0
1692	2
1693	1
1694	1
1695	1
1696	0
1697	3
1698	0
1699	1
1700	0
1701	1
1702	0
1703	2
1704	1
1705	1
1706	0
1707	2
1708	1
1709	1
1710	0
1711	0
1712	1
1713	1
1714	1
1715	0
1716	1
1717	0
1718	3
1719	1
1720	0
1721	2
1722	0
1723	0
1724	1
1725	1
1726	0
1727	0
1728	0
1729	1
1730	2
1731	0
1732	2
1733	1
1734	0
1735	1
1736	1
1737	1
1738	0
1739	1
1740	2
1741	2
1742	3
1743	3
1744	0
1745	0
1746	2
1747	0
1748	1
1749	1
1750	0
1751	1
1752	1
1753	2
1754	2
1755	3
1756	1
1757	0
1758	2
1759	0
1760	0
1761	0
1762	1
1763	0
1764	0
1765	0
1766	0
1767	1
1768	3
1769	0
1770	1
1771	0
1772	0
1773	1
1774	0
1775	0
1776	0
1777	0
1778	0
1779	1
1780	0
1781	0
1782	1
1783	0
1784	1
1785	0
1786	1
1787	2
1788	1
1789	1
1790	1
1791	2
1792	1
1793	1
1794	0
1795	3
1796	0
1797	2
1798	0
1799	0
1800	0
1801	2
1802	0
1803	1
1804	0
1805	0
1806	0
1807	2
1808	0
1809	0
1810	0
1811	2
1812	2
1813	0
1814	0
1815	0
1816	0
1817	0
1818	0
1819	0
1820	1
1821	0
1822	2
1823	0
1824	1
1825	1
1826	0
1827	0
1828	1
1829	2
1830	1
1831	0
1832	2
1833	3
1834	0
1835	4
1836	1
1837	0
1838	1
1839	0
1840	1
1841	0
1842	1
1843	0
1844	0
1845	0
1846	3
1847	0
1848	0
1849	0
1850	0
1851	3
1852	0
1853	1
1854	2
1855	2
1856	1
1857	0
1858	0
1859	0
1860	0
1861	0
1862	1
1863	1
1864	0
1865	1
1866	0
1867	2
1868	3
1869	1
1870	0
1871	0
1872	0
1873	1
1874	1
1875	0
1876	1
1877	1
1878	0
1879	1
1880	0
1881	0
1882	0
1883	1
1884	1
1885	2
1886	0
1887	1
1888	0
1889	0
1890	0
1891	0
1892	0
1893	0
1894	0
1895	0
1896	2
1897	0
1898	0
1899	0
1900	0
1901	2
1902	0
1903	0
1904	0
1905	1
1906	0
1907	2
1908	1
1909	0
1910	3
1911	1
1912	0
1913	0
1914	0
1915	1
1916	0
1917	2
1918	0
1919	1
1920	0
1921	1
1922	0
1923	2
1924	0
1925	0
1926	1
1927	0
1928	1
1929	0
1930	1
1931	1
1932	0
1933	1
1934	2
1935	0
1936	1
1937	1
1938	0
1939	1
1940	1
1941	0
1942	3
1943	2
1944	0
1945	1
1946	0
1947	1
1948	0
1949	1
1950	1
1951	0
1952	0
1953	1
1954	1
1955	1
1956	0
1957	2
1958	1
1959	0
1960	1
1961	0
1962	0
1963	1
1964	0
1965	0
1966	2
1967	0
1968	0
1969	0
1970	0
1971	0
1972	0
1973	1
1974	0
1975	0
1976	1
1977	0
1978	0
1979	0
1980	0
1981	2
1982	1
1983	0
1984	0
1985	0
1986	1
1987	1
1988	1
1989	0
1990	0
1991	0
1992	0
1993	0
1994	1
1995	2
1996	0
1997	0
1998	0
1999	1
2000	0
2001	0
2002	0
2003	0
2004	0
2005	3
2006	0
2007	1
2008	0
2009	1
2010	0
2011	0
2012	0
2013	2
2014	2
2015	1
2016	0
2017	1
2018	1
2019	0
2020	2
2021	0
2022	0
2023	0
2024	0
2025	0
2026	0
2027	1
2028	0
2029	0
2030	3
2031	0
2032	0
2033	1
2034	1
2035	1
2036	1
2037	0
2038	0
2039	2
2040	1
2041	0
2042	0
2043	2
2044	1
2045	0
2046	2
2047	0
2048	0
2049	0
2050	1
2051	1
2052	1
2053	0
2054	0
2055	0
2056	0
2057	2
2058	0
2059	1
2060	0
2061	0
2062	0
2063	1
2064	1
2065	1
2066	0
2067	0
2068	1
2069	0
2070	1
2071	1
2072	0
2073	1
2074	1
2075	0
2076	0
2077	0
2078	1
2079	1
2080	1
2081	2
2082	0
2083	1
2084	0
2085	0
2086	1
2087	1
2088	1
2089	1
2090	1
2091	0
2092	0
2093	1
2094	0
2095	0
2096	1
2097	0
2098	2
2099	1
2100	1
2101	1
2102	0
2103	1
2104	0
2105	0
2106	1
2107	0
2108	0
2109	0
2110	0
2111	0
2112	1
2113	1
2114	0
2115	0
2116	1
2117	1
2118	0
2119	0
2120	1
2121	0
2122	0
2123	0
2124	0
2125	1
2126	1
2127	2
2128	1
2129	0
2130	0
2131	0
2132	1
2133	0
2134	1
2135	0
2136	1
2137	1
2138	0
2139	1
2140	0
2141	0
2142	0
2143	1
2144	0
2145	1
2146	0
2147	0
2148	0
2149	1
2150	3
2151	1
2152	0
2153	0
2154	1
2155	1
2156	0
2157	0
2158	0
2159	0
2160	0
2161	0
2162	1
2163	0
2164	1
2165	1
2166	0
2167	0
2168	1
2169	0
2170	0
2171	0
2172	1
2173	0
2174	0
2175	1
2176	0
2177	1
2178	1
2179	0
2180	0
2181	0
2182	0
2183	2
2184	1
2185	0
2186	0
2187	0
2188	0
2189	0
2190	2
2191	0
2192	0
2193	1
2194	0
2195	0
2196	0
2197	2
2198	0
2199	1
2200	2
2201	0
2202	0
2203	2
2204	0
2205	0
2206	4
2207	3
2208	0
2209	0
2210	0
2211	0
2212	1
2213	0
2214	0
2215	1
2216	0
2217	1
2218	0
2219	0
2220	1
2221	0
2222	0
2223	1
2224	1
2225	2
2226	1
2227	0
2228	1
2229	0
2230	3
2231	0
2232	0
2233	0
2234	0
2235	2
2236	0
2237	2
2238	0
2239	0
2240	2
2241	0
2242	1
2243	1
2244	0
2245	0
2246	0
2247	0
2248	0
2249	2
2250	1
2251	1
2252	2
2253	0
2254	0
2255	0
2256	0
2257	0
2258	0
2259	0
2260	1
2261	2
2262	1
2263	0
2264	0
2265	1
2266	2
2267	1
2268	1
2269	1
2270	0
2271	1
2272	0
2273	0
2274	0
2275	0
2276	1
2277	1
2278	3
2279	0
2280	0
2281	0
2282	1
2283	0
2284	1
2285	0
2286	1
2287	1
2288	1
2289	1
2290	1
2291	0
2292	0
2293	0
2294	0
2295	0
2296	2
2297	3
2298	0
2299	0
2300	1
2301	4
2302	1
2303	0
2304	0
2305	0
2306	1
2307	0
2308	0
2309	0
2310	0
2311	0
2312	1
2313	1
2314	0
2315	0
2316	0
2317	2
2318	0
2319	0
2320	0
2321	1
2322	1
2323	1
2324	0
2325	0
2326	0
2327	0
2328	0
2329	0
2330	1
2331	1
2332	1
2333	0
2334	0
2335	0
2336	0
2337	0
2338	0
2339	1
2340	0
2341	1
2342	1
2343	1
2344	0
2345	0
2346	1
2347	0
2348	1
2349	1
2350	0
2351	0
2352	1
2353	1
2354	1
2355	0
2356	0
2357	1
2358	1
2359	1
2360	1
2361	0
2362	0
2363	0
2364	1
2365	1
2366	1
2367	1
2368	1
2369	0
2370	0
2371	1
2372	1
2373	0
2374	0
2375	0
2376	0
2377	0
2378	0
2379	0
2380	0
2381	2
2382	0
2383	1
2384	0
2385	0
2386	1
2387	2
2388	1
2389	1
2390	1
2391	1
2392	0
2393	0
2394	0
2395	1
2396	1
2397	0
2398	1
2399	0
2400	0
2401	1
2402	0
2403	0
2404	0
2405	1
2406	0
2407	0
2408	1
2409	1
2410	0
2411	1
2412	1
2413	0
2414	0
2415	0
2416	0
2417	0
2418	1
2419	1
2420	1
2421	0
2422	0
2423	1
2424	0
2425	0
2426	0
2427	0
2428	0
2429	0
2430	0
2431	0
2432	0
2433	1
2434	1
2435	0
2436	0
2437	0
2438	1
2439	1
2440	0
2441	0
2442	1
2443	0
2444	1
2445	0
2446	1
2447	1
2448	2
2449	0
2450	1
2451	0
2452	0
2453	1
2454	0
2455	1
2456	0
2457	1
2458	0
2459	0
2460	1
2461	0
2462	0
2463	0
2464	0
2465	1
2466	2
2467	2
2468	0
2469	0
2470	0
2471	0
2472	2
2473	0
2474	0
2475	0
2476	1
2477	0
2478	1
2479	1
2480	0
2481	1
2482	1
2483	0
2484	0
2485	2
2486	1
2487	1
2488	1
2489	2
2490	1
2491	0
2492	2
2493	1
2494	0
2495	1
2496	1
2497	0
2498	1
2499	1
2500	1
2501	0
2502	1
2503	0
2504	1
2505	2
2506	0
2507	1
2508	2
2509	0
2510	1
2511	0
2512	0
2513	0
2514	0
2515	2
2516	0
2517	0
2518	0
2519	1
2520	0
2521	0
2522	2
2523	1
2524	1
2525	1
2526	0
2527	1
2528	1
2529	1
2530	0
2531	0
2532	0
2533	1
2534	0
2535	0
2536	0
2537	0
2538	0
2539	0
2540	0
2541	1
2542	1
2543	3
2544	2
2545	0
2546	1
2547	0
2548	0
2549	0
2550	1
2551	0
2552	0
2553	1
2554	0
2555	0
2556	1
2557	1
2558	0
2559	1
2560	0
2561	4
2562	0
2563	0
2564	0
2565	0
2566	1
2567	0
2568	0
2569	1
2570	0
2571	0
2572	0
2573	0
2574	1
2575	1
2576	0
2577	0
2578	1
2579	0
2580	0
2581	0
2582	0
2583	1
2584	2
2585	0
2586	0
2587	0
2588	1
2589	1
2590	1
2591	0
2592	0
2593	0
2594	1
2595	2
2596	0
2597	0
2598	0
2599	0
2600	0
2601	2
2602	0
2603	0
2604	1
2605	0
2606	0
2607	0
2608	0
2609	0
2610	0
2611	0
2612	1
2613	0
2614	0
2615	0
2616	0
2617	0
2618	0
2619	0
2620	0
2621	1
2622	0
2623	0
2624	0
2625	0
2626	0
2627	2
2628	0
2629	1
2630	1
2631	0
2632	0
2633	1
2634	0
2635	0
2636	0
2637	0
2638	1
2639	1
2640	0
2641	2
2642	1
2643	2
2644	1
2645	0
2646	1
2647	1
2648	1
2649	1
2650	0
2651	2
2652	0
2653	1
2654	0
2655	0
2656	0
2657	0
2658	0
2659	1
2660	1
2661	0
2662	3
2663	1
2664	0
2665	1
2666	0
2667	0
2668	1
2669	0
2670	0
2671	0
2672	0
2673	1
2674	1
2675	0
2676	0
2677	0
2678	0
2679	0
2680	0
2681	0
2682	1
2683	1
2684	0
2685	0
2686	0
2687	0
2688	1
2689	2
2690	1
2691	0
2692	1
2693	0
2694	0
2695	1
2696	0
2697	1
2698	0
2699	0
2700	0
2701	0
2702	0
2703	0
2704	0
2705	0
2706	0
2707	2
2708	1
2709	0
2710	1
2711	0
2712	0
2713	0
2714	0
2715	0
2716	2
2717	1
2718	0
2719	1
2720	2
2721	1
2722	0
2723	0
2724	0
2725	0
2726	1
2727	0
2728	0
2729	1
2730	0
2731	1
2732	0
2733	0
2734	1
2735	1
2736	0
2737	1
2738	0
2739	0
2740	0
2741	0
2742	1
2743	1
2744	1
2745	1
2746	0
2747	1
2748	1
2749	0
2750	0
2751	0
2752	2
2753	0
2754	1
2755	0
2756	1
2757	0
2758	0
2759	1
2760	1
2761	1
2762	0
2763	0
2764	0
2765	1
2766	1
2767	0
2768	0
2769	1
2770	2
2771	1
2772	1
2773	0
2774	1
2775	0
2776	1
2777	0
2778	0
2779	2
2780	0
2781	0
2782	0
2783	0
2784	0
2785	0
2786	0
2787	0
2788	0
2789	0
2790	1
2791	0
2792	0
2793	0
2794	0
2795	0
2796	0
2797	0
2798	1
2799	0
2800	1
2801	0
2802	0
2803	0
2804	0
2805	0
2806	0
2807	1
2808	0
2809	1
2810	0
2811	0
2812	1
2813	0
2814	0
2815	0
2816	0
2817	0
2818	0
2819	0
2820	0
2821	0
2822	1
2823	2
2824	1
2825	0
2826	0
2827	0
2828	1
2829	0
2830	0
2831	0
2832	1
2833	0
2834	0
2835	4
2836	0
2837	0
2838	1
2839	0
2840	1
2841	0
2842	0
2843	0
2844	0
2845	0
2846	0
2847	1
2848	0
2849	2
2850	0
2851	0
2852	0
2853	1
2854	0
2855	0
2856	0
2857	0
2858	1
2859	0
2860	0
2861	0
2862	0
2863	0
2864	1
2865	2
2866	0
2867	0
2868	1
2869	0
2870	0
2871	0
2872	1
2873	1
2874	0
2875	0
2876	0
2877	0
2878	0
2879	0
2880	0
2881	0
2882	0
2883	0
2884	0
2885	0
2886	0
2887	1
2888	0
2889	0
2890	0
2891	1
2892	0
2893	0
2894	0
2895	3
2896	0
2897	1
2898	0
2899	1
2900	0
2901	0
2902	0
2903	0
2904	0
2905	1
2906	0
2907	1
2908	0
2909	0
2910	0
2911	0
2912	0
2913	0
2914	0
2915	0
2916	1
2917	1
2918	0
2919	0
2920	0
2921	0
2922	0
2923	0
2924	1
2925	0
2926	0
2927	0
2928	0
2929	1
2930	0
2931	3
2932	1
2933	0
2934	1
2935	0
2936	0
2937	2
2938	0
2939	0
2940	0
2941	0
2942	0
2943	1
2944	0
2945	0
2946	0
2947	1
2948	0
2949	2
2950	1
2951	0
2952	0
2953	1
2954	1
2955	0
2956	0
2957	0
2958	0
2959	0
2960	0
2961	1
2962	0
2963	0
2964	1
2965	1
2966	0
2967	0
2968	0
2969	1
2970	0
2971	1
2972	0
2973	0
2974	0
2975	0
2976	1
2977	0
2978	0
2979	1
2980	0
2981	0
2982	1
2983	0
2984	0
2985	0
2986	0
2987	0
2988	0
2989	2
2990	0
2991	0
2992	0
2993	1
2994	0
2995	0
2996	0
2997	0
2998	0
2999	0
3000	0
3001	0
3002	0
3003	0
3004	0
3005	1
3006	0
3007	0
3008	0
3009	0
3010	0
3011	0
3012	0
3013	0
3014	0
3015	0
3016	0
3017	0
3018	0
3019	0
3020	0
3021	0
3022	0
3023	0
3024	0
3025	0
3026	0
3027	0
3028	0
3029	0
3030	0
3031	0
3032	1
3033	0
3034	1
3035	0
3036	0
3037	1
3038	0
3039	0
3040	0
3041	0
3042	1
3043	0
3044	1
3045	0
3046	1
3047	1
3048	0
3049	1
3050	0
3051	0
3052	1
3053	0
3054	0
3055	0
3056	0
3057	1
3058	0
3059	0
3060	0
3061	0
3062	0
3063	0
3064	0
3065	1
3066	2
3067	2
3068	0
3069	0
3070	0
3071	0
3072	0
3073	0
3074	1
3075	0
3076	0
3077	0
3078	0
3079	0
3080	0
3081	0
3082	0
3083	1
3084	0
3085	0
3086	0
3087	0
3088	0
3089	2
3090	0
3091	0
3092	0
3093	0
3094	0
3095	0
3096	0
3097	0
3098	0
3099	0
3100	0
3101	0
3102	0
3103	0
3104	0
3105	1
3106	0
3107	0
3108	0
3109	0
3110	2
3111	1
3112	0
3113	0
3114	0
3115	0
3116	0
3117	1
3118	0
3119	0
3120	1
3121	0
3122	0
3123	0
3124	2
3125	0
3126	1
3127	0
3128	0
3129	0
3130	0
3131	1
3132	1
3133	1
3134	0
3135	0
3136	1
3137	0
3138	0
3139	0
3140	0
3141	1
3142	1
3143	0
3144	1
3145	0
3146	0
3147	1
3148	1
3149	1
3150	0
3151	0
3152	0
3153	0
3154	0
3155	0
3156	0
3157	0
3158	0
3159	0
3160	1
3161	1
3162	0
3163	2
3164	0
3165	0
3166	0
3167	0
3168	0
3169	1
3170	1
3171	0
3172	1
3173	0
3174	0
3175	0
3176	0
3177	0
3178	0
3179	0
3180	0
3181	0
3182	1
3183	0
3184	1
3185	1
3186	0
3187	0
3188	0
3189	1
3190	0
3191	0
3192	0
3193	1
3194	1
3195	0
3196	0
3197	2
3198	0
3199	0
3200	0
3201	0
3202	0
3203	0
3204	1
3205	0
3206	0
3207	0
3208	0
3209	0
3210	0
3211	0
3212	0
3213	1
3214	0
3215	0
3216	0
3217	0
3218	0
3219	1
3220	0
3221	0
3222	1
3223	1
3224	0
3225	0
3226	0
3227	0
3228	0
3229	1
3230	1
3231	0
3232	0
3233	0
3234	0
3235	0
3236	0
3237	0
3238	0
3239	0
3240	0
3241	0
3242	1
3243	0
3244	1
3245	0
3246	1
3247	0
3248	0
3249	1
3250	0
3251	0
3252	1
3253	2
3254	2
3255	0
3256	1
3257	1
3258	0
3259	0
3260	1
3261	1
3262	0
3263	0
3264	0
3265	0
3266	0
3267	1
3268	0
3269	2
3270	1
3271	0
3272	0
3273	0
3274	0
3275	1
3276	1
3277	0
3278	0
3279	1
3280	1
3281	0
3282	0
3283	0
3284	1
3285	1
3286	0
3287	1
3288	0
3289	0
3290	0
3291	0
3292	0
3293	0
3294	0
3295	0
3296	0
3297	1
3298	1
3299	0
3300	0
3301	0
3302	0
3303	0
3304	0
3305	1
3306	0
3307	1
3308	0
3309	0
3310	0
3311	0
3312	1
3313	0
3314	0
3315	0
3316	0
3317	0
3318	1
3319	0
3320	0
3321	1
3322	0
3323	0
3324	0
3325	0
3326	0
3327	0
3328	0
3329	0
3330	1
3331	0
3332	1
3333	0
3334	0
3335	0
3336	0
3337	0
3338	0
3339	1
3340	0
3341	2
3342	1
3343	0
3344	2
3345	2
3346	0
3347	0
3348	0
3349	0
3350	0
3351	0
3352	0
3353	1
3354	0
3355	0
3356	1
3357	0
3358	1
3359	0
3360	1
3361	0
3362	0
3363	0
3364	1
3365	0
3366	0
3367	0
3368	0
3369	0
3370	0
3371	0
3372	0
3373	1
3374	1
3375	0
3376	0
3377	0
3378	0
3379	0
3380	0
3381	0
3382	0
3383	0
3384	1
3385	0
3386	0
3387	0
3388	0
3389	1
3390	0
3391	0
3392	0
3393	0
3394	0
3395	0
3396	1
3397	0
3398	1
3399	0
3400	0
3401	1
3402	1
3403	0
3404	0
3405	2
3406	0
3407	0
3408	1
3409	0
3410	1
3411	0
3412	1
3413	0
3414	0
3415	0
3416	0
3417	0
3418	1
3419	0
3420	0
3421	1
3422	0
3423	0
3424	0
3425	0
3426	1
3427	0
3428	1
3429	0
3430	0
3431	0
3432	0
3433	1
3434	0
3435	0
3436	0
3437	0
3438	0
3439	0
3440	0
3441	0
3442	0
3443	0
3444	0
3445	0
3446	0
3447	0
3448	1
3449	0
3450	0
3451	1
3452	0
3453	0
3454	0
3455	1
3456	0
3457	0
3458	0
3459	1
3460	0
3461	0
3462	0
3463	0
3464	1
3465	0
3466	0
3467	0
3468	0
3469	0
3470	1
3471	1
3472	0
3473	0
3474	0
3475	1
3476	0
3477	0
3478	0
3479	0
3480	1
3481	0
3482	0
3483	1
3484	0
3485	0
3486	0
3487	0
3488	0
3489	0
3490	0
3491	0
3492	0
3493	0
3494	0
3495	0
3496	0
3497	2
3498	0
3499	0
3500	0
3501	0
3502	0
3503	1
3504	0
3505	0
3506	0
3507	0
3508	0
3509	0
3510	0
3511	1
3512	0
3513	5
3514	0
3515	1
3516	0
3517	0
3518	0
3519	0
3520	0
3521	3
3522	0
3523	1
3524	3
3525	0
3526	0
3527	0
3528	1
3529	0
3530	0
3531	2
3532	0
3533	0
3534	0
3535	0
3536	1
3537	0
3538	0
3539	0
3540	0
3541	0
3542	0
3543	0
3544	0
3545	0
3546	0
3547	1
3548	0
3549	0
3550	1
3551	0
3552	1
3553	1
3554	0
3555	1
3556	1
3557	0
3558	1
3559	0
3560	0
3561	0
3562	0
3563	0
3564	0
3565	0
3566	0
3567	1
3568	0
3569	0
3570	0
3571	0
3572	0
3573	1
3574	0
3575	0
3576	0
3577	1
3578	0
3579	0
3580	0
3581	1
3582	0
3583	1
3584	0
3585	0
3586	0
3587	0
3588	1
3589	0
3590	0
3591	0
3592	0
3593	0
3594	0
3595	0
3596	0
3597	0
3598	0
3599	0
3600	0
3601	0
3602	1
3603	0
3604	0
3605	0
3606	0
3607	0
3608	0
3609	0
3610	0
3611	1
3612	1
3613	0
3614	0
3615	0
3616	0
3617	0
3618	0
3619	1
3620	0
3621	0
3622	3
3623	1
3624	0
3625	0
3626	0
3627	0
3628	0
3629	0
3630	0
3631	0
3632	0
3633	0
3634	0
3635	0
3636	0
3637	0
3638	0
3639	0
3640	1
3641	0
3642	0
3643	1
3644	1
3645	0
3646	0
3647	0
3648	0
3649	0
3650	0
3651	0
3652	1
3653	1
3654	0
3655	0
3656	0
3657	0
3658	0
3659	0
3660	0
3661	0
3662	0
3663	0
3664	1
3665	0
3666	1
3667	0
3668	0
3669	0
3670	1
3671	0
3672	0
3673	0
3674	0
3675	0
3676	0
3677	0
3678	0
3679	0
3680	0
3681	0
3682	0
3683	0
3684	1
3685	0
3686	0
3687	0
3688	0
3689	0
3690	0
3691	0
3692	0
3693	0
3694	0
3695	0
3696	0
3697	0
3698	0
3699	0
3700	0
3701	0
3702	0
3703	0
3704	1
3705	0
3706	0
3707	0
3708	0
3709	0
3710	1
3711	0
3712	0
3713	0
3714	0
3715	0
3716	0
3717	0
3718	0
3719	0
3720	0
3721	1
3722	0
3723	0
3724	0
3725	0
3726	0
3727	0
3728	0
3729	0
3730	1
3731	0
3732	0
3733	0
3734	0
3735	0
3736	0
3737	0
3738	0
3739	0
3740	0
3741	1
3742	0
3743	0
3744	0
3745	0
3746	0
3747	1
3748	0
3749	0
3750	0
3751	0
3752	0
3753	1
3754	0
3755	0
3756	0
3757	0
3758	0
3759	0
3760	0
3761	0
3762	2
3763	0
3764	1
3765	0
3766	0
3767	0
3768	0
3769	0
3770	1
3771	0
3772	0
3773	0
3774	0
3775	0
3776	0
3777	0
3778	0
3779	0
3780	1
3781	0
3782	0
3783	0
3784	0
3785	1
3786	0
3787	0
3788	0
3789	0
3790	0
3791	0
3792	1
3793	0
3794	1
3795	0
3796	1
3797	0
3798	0
3799	0
3800	1
3801	0
3802	1
3803	1
3804	0
3805	0
3806	0
3807	0
3808	0
3809	0
3810	0
3811	0
3812	0
3813	0
3814	0
3815	0
3816	0
3817	0
3818	0
3819	0
3820	0
3821	1
3822	0
3823	0
3824	1
3825	0
3826	0
3827	1
3828	0
3829	0
3830	0
3831	0
3832	0
3833	0
3834	0
3835	0
3836	0
3837	0
3838	1
3839	0
3840	0
3841	1
3842	2
3843	0
3844	1
3845	1
3846	0
3847	0
3848	0
3849	0
3850	0
3851	0
3852	0
3853	0
3854	0
3855	0
3856	0
3857	0
3858	0
3859	1
3860	0
3861	0
3862	0
3863	0
3864	0
3865	0
3866	0
3867	0
3868	0
3869	0
3870	0
3871	0
3872	0
3873	0
3874	0
3875	0
3876	0
3877	1
3878	0
3879	0
3880	0
3881	0
3882	0
3883	2
3884	0
3885	0
3886	0
3887	0
3888	0
3889	1
3890	0
3891	1
3892	0
3893	0
3894	0
3895	0
3896	0
3897	0
3898	0
3899	0
3900	0
3901	1
3902	0
3903	0
3904	0
3905	0
3906	0
3907	0
3908	0
3909	0
3910	1
3911	0
3912	0
3913	1
3914	0
3915	0
3916	0
3917	0
3918	0
3919	0
3920	0
3921	0
3922	0
3923	0
3924	0
3925	0
3926	0
3927	0
3928	0
3929	0
3930	0
3931	0
3932	0
3933	0
3934	0
3935	1
3936	0
3937	0
3938	0
3939	0
3940	0
3941	0
3942	0
3943	0
3944	0
3945	0
3946	0
3947	0
3948	1
3949	0
3950	0
3951	1
3952	0
3953	0
3954	1
3955	0
3956	0
3957	0
3958	0
3959	0
3960	0
3961	0
3962	0
3963	0
3964	0
3965	0
3966	0
3967	0
3968	0
3969	0
3970	0
3971	0
3972	1
3973	1
3974	1
3975	0
3976	0
3977	2
3978	0
3979	0
3980	3
3981	0
3982	0
3983	0
3984	0
3985	0
3986	0
3987	0
3988	1
3989	0
3990	0
3991	0
3992	0
3993	0
3994	0
3995	1
3996	1
3997	0
3998	0
3999	0
4000	0
